 1   0  0   1280
 2   16  0   1264
 3   8  0   1272
 4   24  8   1248
 5   0  32   1248
 6   136  16   1128
 7   0  0   1280
 8   8  8   1264
 9   56  8   1216
 10   0  8   1272
 11   48  8   1224
 12   0  16   1264
 13   0  8   1272
 14   136  16   1128
 15   0  64   1216
 16   16  8   1256
 17   160  8   1112
 18   168  8   1104
 19   0  16   1264
 20   8  8   1264
 21   16  8   1256
 22   32  8   1240
 23   0  16   1264
 24   32  16   1232
 25   32  16   1232
 26   16  16   1248
 27   16  8   1256
 28   0  0   1280
 29   0  0   1280
 30   0  0   1280
 31   0  0   1280
 32   0  0   1280
